((("========================================" .
   [2 0 0 0 0 0 0 0 0 0 0 0 0 0 0 0 0 0 0 0 0 0 0 0 0 0 0 0 0 0 0 0 0 0 0 0 0 0 0 0])
  ("path" .
   [1 0 0 0])
  ("setq" .
   [2 0 0 0])
  ("provide" .
   [3 0 0 0 0 0 0])
  ("when" .
   [0 0 0 2])
  ("cp932" .
   [2 0 0 0 0])
  ("locale" .
   [4 0 0 0 0 0])
  ("nil" .
   [2 2 0])
  ("import" .
   [2 0 0 0 0 0])
  ("defvar" .
   [1 0 0 0 0 0])
  ("require" .
   [3 0 0 0 0 0 0])
  ("ac-python" .
   [2 0 0 0 0 0 0 0 0])
  ("python-mode" .
   [0 0 0 0 0 0 0 0 0 0 1])
  ("ac-point" .
   [0 0 0 0 0 1 0 0])
  ("add-hook" .
   [2 0 0 0 0 0 0 0])
  ("python-mode-hook" .
   [2 0 0 0 0 0 0 0 0 0 0 0 0 0 0 0])
  ("lambda" .
   [3 0 0 0 0 0])
  ("pymacs" .
   [1 0 0 0 0 0])
  ("pymacs-load" .
   [1 0 0 0 0 0 0 0 0 0 0])))
